-0.08094609528779984
0.08925234526395798
0.08854607492685318
-0.024841899052262306
-0.09661062061786652
0.011787567287683487
-0.045658260583877563
0.023743996396660805
0.12076040357351303
-0.058833230286836624
0.21631115674972534
-0.11994172632694244
-0.18241557478904724
-0.030161377042531967
-0.048805125057697296
0.15659676492214203
-0.17828218638896942
-0.09493616223335266
-0.0063462406396865845
-0.09379324316978455
0.03705810382962227
0.009419526904821396
-0.07007065415382385
0.07963589578866959
-0.1679706871509552
-0.35322707891464233
-0.059363577514886856
-0.09673111885786057
0.038426801562309265
-0.11449535191059113
-0.013007491827011108
0.03852982074022293
-0.14620520174503326
0.0016454588621854782
0.03543109446763992
0.05434519797563553
0.02500731311738491
-0.04935154691338539
0.17132063210010529
0.0053591039031744
-0.17292742431163788
0.08107302337884903
0.047553956508636475
0.30427655577659607
0.10455305874347687
0.09920289367437363
0.017172958701848984
-0.035514507442712784
0.1808868795633316
-0.16603177785873413
0.09046956896781921
0.16160796582698822
0.13086508214473724
0.03901737928390503
0.01579321175813675
-0.1101287454366684
-0.05574321374297142
0.17989970743656158
-0.18401439487934113
0.047395624220371246
0.004115041345357895
0.007392010651528835
0.08691354840993881
-0.08026038855314255
0.1922353357076645
0.07905179262161255
-0.13672290742397308
-0.10394563525915146
0.1175658255815506
-0.14319351315498352
-0.008870741352438927
0.03269658982753754
-0.10541369765996933
-0.13884694874286652
-0.2817463278770447
0.10288875550031662
0.4146708548069
0.08716996759176254
-0.12386482208967209
-0.02102872170507908
-0.05859178304672241
-0.0737634152173996
0.034130118787288666
0.11079385876655579
-0.10081376880407333
-0.049666184931993484
-0.02455081045627594
0.03938569128513336
0.2432136982679367
-0.004784060642123222
0.0003439304418861866
0.163212388753891
-0.008554456755518913
0.013220728375017643
-0.0832853764295578
-1.3670767657458782e-05
-0.139770969748497
0.03344540670514107
-0.007770568132400513
0.02501431107521057
-0.06518140435218811
-0.04959200322628021
-0.00034305034205317497
0.12695790827274323
-0.2673656642436981
0.12255038321018219
0.012301033362746239
-0.03784476965665817
-0.02819220721721649
0.14724880456924438
-0.09319372475147247
-0.06733942776918411
0.12457863986492157
-0.2791827619075775
0.1411510854959488
0.1792735457420349
0.09205421805381775
0.13757947087287903
0.05008240416646004
0.026389189064502716
0.04752703383564949
-0.04240987077355385
-0.11958262324333191
-0.05963675305247307
0.08073610067367554
-0.04064593464136124
0.04685422033071518
0.021213103085756302
