-0.2190794050693512
0.11299306154251099
0.03858567401766777
-0.025469502434134483
-0.14053474366664886
0.022319165989756584
-0.04226198047399521
0.04230070859193802
0.16430163383483887
-0.0770467072725296
0.17652294039726257
-0.03759703040122986
-0.20103630423545837
0.017969811335206032
-0.024430546909570694
0.11152751743793488
-0.12182818353176117
-0.10895713418722153
-0.0873408317565918
-0.14562606811523438
0.016345376148819923
0.020980268716812134
-0.0479373075067997
0.10197296738624573
-0.17160338163375854
-0.31775277853012085
-0.028578678146004677
-0.14639723300933838
0.06490932404994965
-0.07251855731010437
-0.049363210797309875
0.011729206889867783
-0.17274367809295654
-0.06535464525222778
0.053243573755025864
0.12432676553726196
0.046354204416275024
0.050178367644548416
0.1977940946817398
0.006582531146705151
-0.16987214982509613
0.11474263668060303
0.07804001867771149
0.34550049901008606
0.1583041250705719
0.10215688496828079
-0.011228052899241447
-0.031074173748493195
0.19206613302230835
-0.20881669223308563
0.14367833733558655
0.16270935535430908
0.14382503926753998
0.05956712365150452
0.04549055173993111
-0.1421375721693039
-0.005905618891119957
0.20549379289150238
-0.2068166732788086
0.1519247144460678
0.08933199942111969
-0.07902224361896515
-0.011076751165091991
-0.04454590380191803
0.24663111567497253
0.1359729766845703
-0.14619344472885132
-0.13426393270492554
0.0966859832406044
-0.15547405183315277
0.016742058098316193
0.09591010212898254
-0.11688882112503052
-0.1350501924753189
-0.2298075556755066
0.17666009068489075
0.4498392641544342
0.16289612650871277
-0.13230513036251068
0.008973301388323307
-0.06673502922058105
-0.04742152616381645
0.06969734281301498
0.09329983592033386
-0.11683888733386993
-0.09532064199447632
-0.019108295440673828
0.061533138155937195
0.22884821891784668
0.07189813256263733
0.0010234005749225616
0.19390657544136047
0.023956678807735443
0.008200629614293575
-0.04106305167078972
0.039595361799001694
-0.1787377893924713
-0.07214271277189255
-0.06274939328432083
-0.024022173136472702
-0.02796822041273117
-0.10550542175769806
0.018122844398021698
0.03828546404838562
-0.2606600821018219
0.10410439223051071
-0.04880692437291145
-0.0006262492388486862
-0.040575332939624786
0.09848307073116302
-0.06635347008705139
-0.0008688528323546052
0.15134988725185394
-0.2591915726661682
0.2535978853702545
0.1557692140340805
0.08172351121902466
0.15332956612110138
0.10998089611530304
0.004305755719542503
0.0785597711801529
0.00551750510931015
-0.09430468827486038
-0.07749283313751221
0.09191316366195679
-0.08393096923828125
0.13346895575523376
0.03240184858441353
