-0.13829530775547028
0.07574716210365295
0.03184155002236366
-0.10819204151630402
-0.057409875094890594
-0.05163206532597542
-0.03485850617289543
0.03774431347846985
0.11313359439373016
-0.04376177862286568
0.21696659922599792
-0.024964340031147003
-0.2522450387477875
-0.07304615527391434
-0.07971076667308807
0.07229844480752945
-0.11054211854934692
-0.06292550265789032
-0.06047386676073074
-0.08591783046722412
0.04096798598766327
0.09822304546833038
0.04351178929209709
0.045276906341314316
-0.04703323543071747
-0.3237853944301605
-0.038696713745594025
-0.12676376104354858
-0.036788009107112885
-0.09135305136442184
0.14885705709457397
0.12225571274757385
-0.15037979185581207
-0.02117878943681717
0.019546350464224815
0.05915099382400513
-0.011530309915542603
0.0018739337101578712
0.21514543890953064
-0.020712945610284805
-0.08260088413953781
-0.08320840448141098
0.026823680847883224
0.3026953339576721
0.13524633646011353
0.06948188692331314
-0.02825876697897911
-0.0056085409596562386
0.14219267666339874
-0.2746306359767914
0.07315188646316528
0.15419191122055054
0.12312746047973633
-0.014147891663014889
0.15315808355808258
-0.07410623133182526
0.04141368716955185
0.15591630339622498
-0.21986328065395355
0.034085713326931
-0.060045816004276276
-0.0066564735025167465
-0.04169421270489693
-0.11672620475292206
0.2012326419353485
0.09774668514728546
-0.11687429249286652
-0.05550798028707504
0.19359472393989563
-0.1327154040336609
-0.030424341559410095
0.1199893057346344
-0.09875988215208054
-0.1817978173494339
-0.13658453524112701
0.05429688096046448
0.33814650774002075
0.18812143802642822
-0.13512790203094482
0.04304258152842522
-0.022959526628255844
-0.062450312077999115
0.04726845771074295
0.005999313667416573
-0.11555549502372742
-0.04710407555103302
-0.048936955630779266
0.018852686509490013
0.1305743306875229
0.008603690192103386
-0.09673729538917542
0.1975962370634079
-0.029339110478758812
0.028663964942097664
0.028024233877658844
-0.09216595441102982
-0.04384428635239601
0.016216186806559563
-0.13385631144046783
0.0033098002895712852
0.04172423481941223
-0.08904099464416504
-0.034078847616910934
0.04465748369693756
-0.09601860493421555
0.07087990641593933
-0.022561103105545044
7.12396577000618e-05
-0.016166478395462036
0.048010315746068954
-0.11404095590114594
-0.025925060734152794
0.15209265053272247
-0.20530983805656433
0.21554552018642426
0.05823046714067459
-0.04172753170132637
0.16527214646339417
0.07293209433555603
0.07644907385110855
0.04142245650291443
-0.08305777609348297
-0.12384574115276337
-0.12232600152492523
0.12684261798858643
0.0004754643887281418
0.08620032668113708
-0.031242001801729202
