-0.15430867671966553
0.04448381066322327
0.07965493947267532
-0.06450202316045761
-0.049540795385837555
-0.08344973623752594
-0.050714001059532166
-0.10382243990898132
0.10603822022676468
-0.05988406017422676
0.19489364326000214
-0.07909993082284927
-0.2033461034297943
-0.1417822688817978
-0.046836547553539276
0.17582523822784424
-0.14227579534053802
-0.08453832566738129
-0.024461466819047928
0.02669902704656124
0.06880667060613632
-0.04054589197039604
0.06443991512060165
0.0005601565353572369
-0.07686686515808105
-0.3665807843208313
-0.09222250431776047
-0.05094251409173012
-0.02792583964765072
0.0019949465058743954
-0.08020544797182083
0.01812141016125679
-0.1771644800901413
-0.05371876060962677
-0.013431593775749207
0.10599818825721741
-0.03979508951306343
-0.08146806061267853
0.14631551504135132
0.006232514977455139
-0.2115519642829895
-0.027731850743293762
0.021741658449172974
0.23133903741836548
0.21901501715183258
0.06568025052547455
0.004815544933080673
-0.11653031408786774
0.1475992500782013
-0.12585484981536865
0.02672283723950386
0.09007872641086578
0.08872406929731369
-0.010697984136641026
0.07095912843942642
-0.07872189581394196
0.09132920205593109
0.08638805150985718
-0.18723192811012268
-0.05790460854768753
0.03411128371953964
-0.05205864459276199
-0.04045950993895531
-0.10450955480337143
0.21933622658252716
0.12859298288822174
-0.053258828818798065
-0.1697527915239334
0.20192714035511017
-0.12221512198448181
-0.04876212403178215
0.01731996051967144
-0.13102056086063385
-0.15494731068611145
-0.3003561496734619
-0.044361941516399384
0.294679194688797
0.11467336863279343
-0.2115587741136551
0.042841676622629166
-0.0368209108710289
0.01389625295996666
0.18585631251335144
0.1160675436258316
-0.041963621973991394
0.06516063213348389
-0.13748030364513397
-0.10109297186136246
0.17471422255039215
-0.07791414856910706
-0.04769289866089821
0.17435550689697266
0.02534451335668564
0.027904462069272995
0.07214174419641495
-0.06398006528615952
-0.0859895721077919
0.0942908227443695
-0.17113521695137024
-0.058958325535058975
0.09997400641441345
-0.06833694875240326
0.02529856376349926
0.09960351884365082
-0.14973589777946472
0.08136197179555893
0.027636315673589706
0.06555963307619095
0.0532655343413353
-0.034084029495716095
-0.10265854746103287
-0.08901123702526093
0.0782473087310791
-0.20103271305561066
0.15841948986053467
0.14115965366363525
0.024909254163503647
0.10501478612422943
0.11567453294992447
0.10775572806596756
-0.04326508939266205
0.03419683128595352
-0.1725916713476181
-0.005697454791516066
0.08450601249933243
0.01021575927734375
0.10730055719614029
0.05266570672392845
