-0.10980798304080963
0.0784137025475502
0.08906260132789612
0.022313565015792847
-0.07910967618227005
-0.026500068604946136
0.04368067905306816
-0.0930866003036499
0.13824252784252167
-0.09635143727064133
0.09637134522199631
0.007935561239719391
-0.11605087667703629
0.020274825394153595
-0.09967179596424103
0.08982308208942413
-0.19685983657836914
-0.10453242808580399
-0.09949648380279541
-0.13675710558891296
0.09074439853429794
0.09135843068361282
0.05233947932720184
0.02073616534471512
-0.15679968893527985
-0.23520655930042267
-0.11504151672124863
-0.14253079891204834
0.125806525349617
-0.07132668793201447
0.05743112415075302
-0.00396615918725729
-0.17406149208545685
-0.014354035258293152
-0.003533724695444107
0.0022814907133579254
-0.038023605942726135
-0.044817693531513214
0.166705921292305
-0.015498055145144463
-0.1277957260608673
0.06693373620510101
0.04111611098051071
0.316421777009964
0.16228564083576202
0.037718337029218674
0.002681279554963112
-0.010653221979737282
0.06188656762242317
-0.22276659309864044
0.09970836341381073
0.12389156222343445
0.087654247879982
0.1021306961774826
0.11514294892549515
-0.11879745125770569
0.04889029264450073
0.08681951463222504
-0.12586478888988495
0.11222431063652039
0.10078011453151703
-0.023259196430444717
0.07404662668704987
0.02097957953810692
0.10866180062294006
0.03326582908630371
-0.0817626416683197
-0.09194372594356537
0.061664678156375885
-0.2346550077199936
0.0032145692966878414
0.04288117587566376
-0.07840725034475327
-0.1106087937951088
-0.25577542185783386
0.02419620379805565
0.4871537685394287
0.20628349483013153
-0.11154473572969437
-0.012727787718176842
-0.09553316980600357
0.02628386951982975
0.10495724529027939
0.04263748601078987
-0.14036090672016144
-0.016271887347102165
-0.10438980907201767
0.05425044894218445
0.12297004461288452
0.016375672072172165
-0.09407200664281845
0.18261615931987762
0.039995744824409485
-0.10302796214818954
0.014119057916104794
0.0013370844535529613
-0.13261526823043823
-0.03509187698364258
-0.03018181025981903
0.01245461031794548
-0.055144209414720535
-0.08588768541812897
-0.026788413524627686
0.1231374591588974
-0.16257059574127197
0.19128364324569702
-0.042451851069927216
-0.04401715472340584
-0.07598810642957687
0.10138984769582748
-0.15453629195690155
0.004046156071126461
0.12173216044902802
-0.21226190030574799
0.12692852318286896
0.20758004486560822
-0.05400070548057556
0.16245678067207336
0.022160030901432037
0.09896440804004669
-0.06277013570070267
0.05857040360569954
-0.07269348204135895
-0.10925762355327606
0.012941445223987103
-0.027811996638774872
0.07616041600704193
0.02960011176764965
